Power: 1.086437 0.000500 0.000500 0.000500 0.000500 0.000500 0.000500 0.000500 0.000500 0.000500 0.000500 0.000500 0.000500 0.000500 0.000500 0.000500 0.000500 0.000500 0.000500 0.000500 0.000500 0.000500 0.000500 0.000500 0.000500 0.000500 0.000500 0.000500 0.000500 0.000500 0.000500 0.000500 0.000500 0.000500 0.000500 0.000500 0.000500 0.000500 0.000500 0.000500 0.000500 0.000500 0.000500 0.000500 0.000500 0.000500 0.000500 0.000500 0.000500 
Tsteady: 342.243957 329.271329 323.765982 321.236321 320.004866 319.383201 319.070921 318.937105 329.270908 325.315664 322.436737 320.748276 319.811336 319.300574 319.031548 318.912890 323.764612 322.435765 321.104355 320.146335 319.535929 319.169594 318.963304 318.868260 321.233230 320.745488 320.144442 319.636872 319.270872 319.029210 318.882987 318.812164 319.998861 319.805334 319.530590 319.267320 319.055878 318.903186 318.803966 318.753330 319.372485 319.288902 319.158064 319.019247 318.896704 318.800566 318.733683 318.697747 319.053142 
Temperatures: 320.097296 318.208348 318.152186 318.151049 318.151034 318.151034 318.151039 318.151081 318.208369 318.153260 318.151035 318.150982 318.150979 318.150976 318.150980 318.151022 318.152434 318.151267 318.151201 318.151183 318.151166 318.151146 318.151131 318.151157 318.151298 318.151218 318.151204 318.151191 318.151174 318.151155 318.151141 318.151167 318.151260 318.151194 318.151185 318.151174 318.151160 318.151145 318.151133 318.151161 318.151237 318.151144 318.151136 318.151129 318.151118 318.151106 318.151096 318.151126 318.151170 
Power: 1.103563 0.001187 0.001187 0.001187 0.001187 0.001187 0.001187 0.005313 0.001187 0.001187 0.001187 0.001187 0.001187 0.001187 0.001187 0.001187 0.001187 0.001187 0.001187 0.001187 0.001187 0.001187 0.001187 0.001187 0.001187 0.001187 0.001187 0.001187 0.001187 0.001187 0.001187 0.001187 0.001187 0.001187 0.001187 0.001187 0.001187 0.001187 0.001187 0.001187 0.001187 0.001187 0.001187 0.001187 0.001187 0.001187 0.001187 0.001187 0.001187 
Tsteady: 342.688874 329.520661 323.933430 321.367970 320.122506 319.500820 319.204391 319.117517 329.519064 325.504668 322.583437 320.871473 319.923846 319.411528 319.149010 319.043252 323.928228 322.579852 321.229268 320.258203 319.640773 319.272263 319.067528 318.975748 321.356112 320.861338 320.251791 319.737408 319.367083 319.123381 318.976827 318.906431 320.098840 319.902234 319.623393 319.356456 319.142329 318.987964 318.887867 318.836845 319.456173 319.369794 319.236177 319.095020 318.970651 318.873166 318.805338 318.768828 319.121915 
Temperatures: 321.824964 318.359825 318.161701 318.153856 318.153622 318.153623 318.153869 318.161227 318.360013 318.169221 318.154185 318.153489 318.153451 318.153435 318.153465 318.153854 318.162903 318.155237 318.154478 318.154362 318.154271 318.154178 318.154121 318.154233 318.155144 318.154650 318.154543 318.154467 318.154377 318.154284 318.154222 318.154321 318.154811 318.154523 318.154452 318.154392 318.154319 318.154241 318.154190 318.154296 318.154681 318.154277 318.154207 318.154163 318.154107 318.154043 318.154005 318.154121 318.154355 
